255 0 1 255 0 1 255 0 1 255 0 1 255 0 1 255
0 1 255 0 1 255 0 1 255 0 1 255 0 1 255 0
1 255 0 1 255 0 1 255 0 1 255 0 1 255 0 1
255 0 1 255 0 1 255 0 1 255 0 1 255 0 1 255
0 1 255 0 1 255 0 1 255 0 1 255 0 1 255 0
1 255 0 1 255 0 1 255 0 1 255 0 1 255 0 1
255 0 1 255 0 1 255 0 1 255 0 1 255 0 1 255
0 1 255 0 1 255 0 1 255 0 1 255 0 1 255 0
1 255 0 1 255 0 1 255 0 1 255 0 1 255 0 1
255 0 1 255 0 1 255 0 1 255 0 1 255 0 1 255
0 1 255 0 1 255 0 1 255 0 1 255 0 1 255 0
1 255 0 1 255 0 1 255 0 1 255 0 1 255 0 1
255 0 1 255 0 1 255 0 1 255 0 1 255 0 1 255
0 1 255 0 1 255 0 1 255 0 1 255 0 1 255 0
1 255 0 1 255 0 1 255 0 1 255 0 1 255 0 1
255 0 1 255 0 1 255 0 1 255 0 1 255 0 1 255
0 1 255 0 1 255 0 1 255 0 1 255 0 1 255 0
1 255 0 1 255 0 1 255 0 1 255 0 1 255 0 1
255 0 1 255 0 1 255 0 1 255 0 1 255 0 1 255
0 1 255 0 1 255 0 1 255 0 1 255 0 1 255 0
1 255 0 1 255 0 1 255 0 1 255 0 1 255 0 1
255 0 1 255 0 1 255 0 1 255 0 1 255 0 1 255
0 1 255 0 1 255 0 1 255 0 1 255 0 1 255 0
1 255 0 1 255 0 1 255 0 1 255 0 1 255 0 1
255 0 1 255 0 1 255 0 1 255 0 1 255 0 1 255
0 1 255 0 1 255 0 1 255 0 1 255 0 1 255 0
1 255 0 1 255 0 1 255 0 1 255 0 1 255 0 1
255 0 1 255 0 1 255 0 1 255 0 1 255 0 1 255
0 1 255 0 1 255 0 1 255 0 1 255 0 1 255 0
1 255 0 1 255 0 1 255 0 1 255 0 1 255 0 1
255 0 1 255 0 1 255 0 1 255 0 1 255 0 1 255
0 1 255 0 1 255 0 1 255 0 1 255 0 1 255 0
1 255 0 1 255 0 1 255 0 1 255 0 1 255 0 1
255 0 1 255 0 1 255 0 1 255 0 1 255 0 1 255
0 1 255 0 1 255 0 1 255 0 1 255 0 1 255 0
1 255 0 1 255 0 1 255 0 1 255 0 1 255 0 1
255 0 1 255 0 1 255 0 1 255 0 1 255 0 1 255
0 1 255 0 1 255 0 1 255 0 1 255 0 1 255 0
1 255 0 1 255 0 1 255 0 1 255 0 1 255 0 1
255 0 1 255 0 1 255 0 1 255 0 1 255 0 1 255
0 1 255 0 1 255 0 1 255 0 1 255 0 1 255 0
1 255 0 1 255 0 1 255 0 1 255 0 1 255 0 1
255 0 1 255 0 1 255 0 1 255 0 1 255 0 1 255
0 1 255 0 1 255 0 1 255 0 1 255 0 1 255 0
1 255 0 1 255 0 1 255 0 1 255 0 1 255 0 1
255 0 1 255 0 1 255 0 1 255 0 1 255 0 1 255
0 1 255 0 1 255 0 1 255 0 1 255 0 1 255 0
1 255 0 1 255 18 1 255 0 1 255 0 1 255 0 1
255 0 1 255 0 1 255 0 1 255 0 1 255 0 1 255
0 1 255 0 1 255 0 1 255 0 1 255 0 1 255 0
1 255 0 1 255 0 1 255 0 1 255 0 1 255 0 1
255 0 1 255 0 1 255 0 1 255 0 1 255 0 1 255
0 1 255 0 1 255 0 1 255 0 1 255 0 1 255 0
1 255 0 1 255 0 1 255 0 1 255 0 1 255 0 1
255 0 1 255 0 1 255 0 1 255 0 1 255 0 1 255
0 1 255 0 1 255 0 1 255 0 1 255 0 1 255 0
1 255 0 1 255 0 1 255 0 1 255 0 1 255 0 1
255 0 1 255 0 1 255 0 1 255 0 1 255 0 1 255
0 1 255 0 1 255 0 1 255 0 1 255 0 1 255 0
1 255 0 1 255 0 1 255 0 1 255 0 1 255 0 1
255 0 1 255 0 1 255 0 1 255 0 1 255 0 1 255
0 1 255 0 1 255 0 1 255 0 1 255 0 1 255 0
1 255 0 1 255 0 1 255 0 1 255 0 1 255 0 1
255 0 1 255 0 1 255 0 1 255 0 1 255 0 1 255
0 1 255 0 1 255 0 1 255 0 1 255 0 1 255 0
1 255 0 1 255 0 1 255 0 1 255 0 1 255 0 1
255 0 1 255 0 1 255 0 1 255 0 1 255 0 1 255
0 1 255 0 1 255 0 1 255 0 1 255 0 1 255 0
1 255 0 1 255 0 1 255 0 1 255 0 1 255 0 1
255 0 1 255 0 1 255 0 1 255 0 1 255 0 1 255
0 1 255 0 1 255 0 1 255 0 1 255 0 1 255 0
1 255 0 1 255 0 1 255 0 1 255 0 1 255 0 1
255 0 1 255 0 1 255 0 1 255 0 1 255 0 1 255
0 1 255 0 1 255 0 1 255 0 1 255 0 1 255 0
1 255 0 1 255 0 1 255 0 1 255 0 1 255 0 1
255 0 1 255 0 1 255 0 1 255 0 1 255 0 1 255
0 1 255 0 1 255 0 1 255 0 1 255 0 1 255 0
1 255 0 1 255 0 1 255 0 1 255 0 1 255 0 1
255 0 1 255 0 1 255 0 1 255 0 1 255 0 1 255
0 1 255 0 1 255 0 1 255 0 1 255 0 1 255 0
1 255 0 1 255 0 1 255 0 1 255 0 1 255 0 1
255 0 1 255 0 1 255 0 1 255 0 1 255 0 1 255
0 1 255 0 1 255 0 1 255 0 1 255 0 1 255 0
1 255 0 1 255 0 1 255 0 1 255 0 1 255 0 1
255 0 1 255 0 1 255 0 1 255 0 1 255 0 1 255
0 1 255 0 1 255 0 1 255 0 1 255 0 1 255 0
1 255 0 1 255 0 1 255 0 1 255 0 1 255 0 1
255 0 1 255 0 1 255 0 1 255 0 1 255 0 1 255
0 1 255 0 1 255 0 1 255 0 1 255 0 1 255 0
1 255 0 1 255 0 1 255 0 1 255 0 1 255 0 1
255 0 1 255 0 1 255 0 1 255 0 1 255 0 1 255
0 1 255 0 1 255 0 1 255 0 1 255 0 1 255 0
1 255 0 1 255 0 1 255 0 1 255 0 1 255 0 1
255 0 1 255 0 1 255 0 1 255 0 1 255 0 1 255
0 1 255 0 1 255 0 1 255 0 1 255 0 1 255 255
255 255 255 255 255 255 255 255 255 255 255 255 255 255 255 255
255 255 255 255 255 255 255 255 255 255 255 255 255 255 255 255
255 255 255 255 255 255 255 255 255 255 255 255 255 255 255 255
255 255 255 255 255 255 255 255 255 255 255 255 255 255 255 255
255 255 255 255 255 255 255 255 255 255 255 255 255 255 255 255
255 255 255 255 255 255 255 255 255 255 255 255 255 255 255 255
255 255 255 255 255 255 255 255 255 255 255 255 255 255 255 255
255 255 255 255 255 255 255 255 255 255 255 255 255 255 255 255
255 255 255 255 255 255 255 255 255 255 255 255 255 255 255 255
255 255 255 255 255 255 255 255 255 255 255 255 255 255 255 255
255 255 255 255 255 255 255 255 255 255 255 255 255 255 255 255
255 255 255 255 255 255 255 255 255 255 255 255 255 255 255 255
255 255 255 255 255 255 255 255 255 255 255 255 255 255 255 255
255 255 255 255 255 255 255 255 255 255 255 255 255 255 255 255
255 255 255 255 255 255 255 255 255 255 255 255 255 255 255 255
255 255 255 255 255 255 255 255 255 255 255 255 255 255 255 255
255 255 255 255 255 255 255 255 255 255 255 255 255 255 255 255
255 255 255 255 255 255 255 255 255 255 255 255 255 255 255 255
255 255 255 255 255 255 255 255 255 255 255 255 255 255 255 255
255 255 255 255 255 255 255 255 255 255 255 255 255 255 255 255
255 255 255 255 255 255 255 255 255 255 255 255 255 255 255 255
255 255 255 255 255 255 255 255 255 255 255 255 255 255 255 255
255 255 255 255 255 255 255 255 255 255 255 255 255 255 255 255
255 255 255 255 255 255 255 255 255 255 255 255 255 255 255 255
255 255 255 255 255 255 255 255 255 255 255 255 255 255 255 255
255 255 255 255 255 255 255 255 255 255 255 255 255 255 255 255
255 255 255 255 255 255 255 255 255 255 255 255 255 255 255 255
255 255 255 255 255 255 255 255 255 255 255 255 255 255 255 255
255 255 255 255 255 255 255 255 255 255 255 255 255 255 255 255
255 255 255 255 255 255 255 255 255 255 255 255 255 255 255 255
255 255 255 255 255 255 255 255 255 255 255 255 255 255 255 255
255 255 255 255 255 255 255 255 255 255 255 255 255 255 255 255
255 255 255 255 255 255 255 255 255 255 255 255 255 255 255 255

